artist
Q549179
Q5768724
