artist
Q15822544
